彩云追福双色球08109期条件分析：蓝球关注出热号
　　108期开出奖号：09 10 15 17 23 30+ 12
　　点击进入双色球玩法经典选号图表
　　108期条件分析结果对照：
　　9 10 21 22 33 1-2 重点09 21 33 条件正确，出号09 10
　　3 4 15 16 27 28 0-1 重点04 28 条件正确，出号15
　　1 12 13 24 25 1-2 重点01 12 24 条件错误，未出号
　　6 7 18 19 30 31 0-1 重点19 31 条件正确，出号30
　　2 5 8 11 14 17 20 23 26 29 32 2-3 重点05 11 20 26 29 条件正确，出号17 23
　　本期蓝球重点仍看温热蓝，主看02 05 07防10 条件错，出冷号12
　　108期号码点评：本期红球三区比为2:2:2，红球下期看一区继续回暖，各区出号仍均衡。红球同尾开出10 30,下期仍关注有同尾号。连号本期开出09 10,下期关注连号开出。本期红球奇偶开出4-2，下期可关注奇偶3-3防5-1。红球的冷热号码本期偏态，开出4个冷码09 10 15 23。下期的冷码球共有01 02 04 07 11 12 16 20 21 26 33共11个，下期要关注开出1-2个。(再次提示，我们可以把红球五期以上未开出的号定为冷码，从历史数据看，绝大多数情况下，每期开出的冷码不会超过三个。)本点评独家供给新浪彩票频道，如有转载请注明出处。 
　　蓝球点评：本期开出冷码12，下期可关注开出热球。
　　08109期条件分析：
　　9 10 21 22 33 1-2 重点10 21 33 
　　3 4 15 16 27 28 0-1 重点04 28
　　1 12 13 24 25 0-1 重点01 24
　　6 7 18 19 30 31 0-1 重点19 31
　　2 5 8 11 14 17 20 23 26 29 32 2-4 重点05 14 20 26 29 32
　　本期蓝球重点仍看温热蓝，主看01 02 05 04 防10

