彩云追福双色球08099期条件分析：红球三区有反弹
　　098期开出奖号：06 07 10 11 15 30 + 01
　　点击进入双色球玩法经典选号图表
　　098期条件分析结果对照：
　　9 10 21 22 33 1-3 重点10 22 33 条件正确，出号10
　　3 4 15 16 27 28 0-1重点15 27 条件正确。出号15
　　1 12 13 24 25 1-2重点12 13 25 条件错误，未出号
　　6 7 18 19 30 31 0-1重点31 19 条件不足。出号06 07 30
　　2 5 8 11 14 17 20 23 26 29 32 2-3重点码 11 14 17 20 29 条件错误，出号11
　　本期蓝球重点看温热蓝，看03 05 10 11 条件正确，出热蓝01
　　蓝球点评：蓝球近期冷码过多，关注下期温热码开出。
　　099期条件分析：
　　9 10 21 22 33 1-3 重点09 22 33
　　3 4 15 16 27 28 0-1重点04 27
　　1 12 13 24 25 1-2重点12 13 25
　　6 7 18 19 30 31 0-1重点30 31
　　2 5 8 11 14 17 20 23 26 29 32 2-3重点码14 17 23 26 29
　　本期蓝球重点看温热蓝，主看03 05 10 11
　　彩云追福

