彩云追福双色球08108期条件分析：红球看一区转热
　　107期开出奖号：06 13 18 22 27 32+ 04
　　点击进入双色球玩法经典选号图表
　　107期条件分析结果对照：
　　9 10 21 22 33 1-2 重点09 22 33 条件正确，出号22
　　3 4 15 16 27 28 0-1 重点04 28 条件正确，出号27
　　1 12 13 24 25 1-2 重点12 13 24 条件正确，出号13 
　　6 7 18 19 30 31 0-2 重点07 31 条件正确，出号06 18
　　2 5 8 11 14 17 20 23 26 29 32 1-3 重点05 11 20 26 32 条件正确，出号32
　　本期蓝球重点看温热蓝，主看14 01 02 05 条件正确，出热号04
　　107期号码点评：本期红球三区比为1:3:2，红球下期看一区回暖继续。红球同尾开出22 32,下期仍关注有同尾号。连号本期断出,下期关注两连号开出。本期红球奇偶开出2-4，下期可关注奇偶3-3防5-1。红球的冷热号码本期正常，开出2个冷码06 13。下期的冷码球共有02 04 07 09 10 11 15 20 21 23 26共11个，下期要关注开出1-3个。(再次提示，我们可以把红球五期以上未开出的号定为冷码，从历史数据看，绝大多数情况下，每期开出的冷码不会超过三个。)本点评独家供给新浪彩票频道，如有转载请注明出处。 
　　蓝球点评：本期开出热码04，下期可关注持热。
　　08108期条件分析：
　　9 10 21 22 33 1-2 重点09 21 33 
　　3 4 15 16 27 28 0-1 重点04 28
　　1 12 13 24 25 1-2 重点01 12 24
　　6 7 18 19 30 31 0-1 重点19 31
　　2 5 8 11 14 17 20 23 26 29 32 2-3 重点05 11 20 26 29
　　本期蓝球重点仍看温热蓝，主看02 05 07防10

